0,0,25,0,0,0,1
0,0,25,0,0,0,1
-54.403,-20.827,5,0,0,0,1
-54.403,-20.827,5,0,0,0,1
-54.403,-20.827,-0.5,0,0,0,1
-53.058,-20.459,-0.5,0,0,0,1
-51.515,-19.917,-0.5,0,0,0,1
-49.972,-19.147,-0.5,0,0,0,1
-47.694,-17.741,-0.5,0,0,0,1
-45.344,-15.863,-0.5,0,0,0,1
-43.802,-14.299,-0.5,0,0,0,1
-42.259,-12.326,-0.5,0,0,0,1
-40.812,-10.028,-0.5,0,0,0,1
-40.716,-9.695,-0.5,0,0,0,1
-40.097,-8.485,-0.5,0,0,0,1
-39.502,-6.942,-0.5,0,0,0,1
-39.173,-5.601,-0.5,0,0,0,1
-39.028,-5.399,-0.5,0,0,0,1
-38.478,-2.314,-0.5,0,0,0,1
-38.478,2.314,-0.5,0,0,0,1
-39.028,5.399,-0.5,0,0,0,1
-39.502,6.942,-0.5,0,0,0,1
-40.097,8.485,-0.5,0,0,0,1
-40.716,9.682,-0.5,0,0,0,1
-40.812,10.028,-0.5,0,0,0,1
-42.841,13.113,-0.5,0,0,0,1
-44.127,14.656,-0.5,0,0,0,1
-45.344,15.873,-0.5,0,0,0,1
-47.694,17.741,-0.5,0,0,0,1
-49.972,19.188,-0.5,0,0,0,1
-50.318,19.284,-0.5,0,0,0,1
-51.515,19.903,-0.5,0,0,0,1
-53.058,20.498,-0.5,0,0,0,1
-57.686,21.522,-0.5,0,0,0,1
-62.314,21.522,-0.5,0,0,0,1
-65.399,20.972,-0.5,0,0,0,1
-65.601,20.827,-0.5,0,0,0,1
-66.942,20.498,-0.5,0,0,0,1
-68.485,19.903,-0.5,0,0,0,1
-69.695,19.284,-0.5,0,0,0,1
-70.028,19.188,-0.5,0,0,0,1
-72.326,17.741,-0.5,0,0,0,1
-74.656,15.873,-0.5,0,0,0,1
-76.198,14.277,-0.5,0,0,0,1
-78.247,11.57,-0.5,0,0,0,1
-79.284,9.682,-0.5,0,0,0,1
-79.917,8.485,-0.5,0,0,0,1
-80.459,6.942,-0.5,0,0,0,1
-81.239,3.857,-0.5,0,0,0,1
-81.673,0.771,-0.5,0,0,0,1
-81.673,-0.771,-0.5,0,0,0,1
-81.239,-3.857,-0.5,0,0,0,1
-80.827,-5.601,-0.5,0,0,0,1
-80.459,-6.942,-0.5,0,0,0,1
-79.917,-8.485,-0.5,0,0,0,1
-79.147,-10.028,-0.5,0,0,0,1
-77.741,-12.326,-0.5,0,0,0,1
-75.863,-14.656,-0.5,0,0,0,1
-74.299,-16.198,-0.5,0,0,0,1
-71.57,-18.247,-0.5,0,0,0,1
-69.695,-19.284,-0.5,0,0,0,1
-68.485,-19.917,-0.5,0,0,0,1
-66.942,-20.459,-0.5,0,0,0,1
-65.399,-20.914,-0.5,0,0,0,1
-62.314,-21.481,-0.5,0,0,0,1
-60.771,-21.673,-0.5,0,0,0,1
-59.229,-21.673,-0.5,0,0,0,1
-56.143,-21.239,-0.5,0,0,0,1
-54.403,-20.827,-0.5,0,0,0,1
-52.802,-20.322,-0.506,0,0,0,1
-50.001,-19.09,-0.518,0,0,0,1
-47.736,-17.685,-0.528,0,0,0,1
-45.77,-16.104,-0.537,0,0,0,1
-43.904,-14.207,-0.547,0,0,0,1
-42.208,-11.991,-0.558,0,0,0,1
-40.995,-9.928,-0.567,0,0,0,1
-39.741,-6.864,-0.58,0,0,0,1
-39.345,-5.556,-0.585,0,0,0,1
-38.752,-2.27,-0.597,0,0,0,1
-38.685,0.769,-0.609,0,0,0,1
-38.805,2.446,-0.615,0,0,0,1
-39.444,5.579,-0.627,0,0,0,1
-39.941,7.129,-0.633,0,0,0,1
-41.134,9.848,-0.645,0,0,0,1
-42.547,12.132,-0.655,0,0,0,1
-44.289,14.271,-0.665,0,0,0,1
-45.782,15.739,-0.673,0,0,0,1
-48.144,17.574,-0.684,0,0,0,1
-49.716,18.509,-0.691,0,0,0,1
-52.422,19.756,-0.703,0,0,0,1
-54.516,20.416,-0.711,0,0,0,1
-57.73,21.002,-0.723,0,0,0,1
-60.784,21.07,-0.735,0,0,0,1
-62.401,20.957,-0.741,0,0,0,1
-65.489,20.334,-0.753,0,0,0,1
-67.59,19.637,-0.761,0,0,0,1
-70.204,18.384,-0.772,0,0,0,1
-72.014,17.25,-0.78,0,0,0,1
-74.121,15.536,-0.79,0,0,0,1
-75.568,14.066,-0.798,0,0,0,1
-77.389,11.725,-0.809,0,0,0,1
-78.338,10.131,-0.816,0,0,0,1
-79.55,7.491,-0.827,0,0,0,1
-80.198,5.442,-0.835,0,0,0,1
-80.785,2.219,-0.848,0,0,0,1
-80.854,-0.766,-0.859,0,0,0,1
-80.745,-2.363,-0.865,0,0,0,1
-80.126,-5.437,-0.877,0,0,0,1
-79.453,-7.476,-0.885,0,0,0,1
-78.22,-10.071,-0.896,0,0,0,1
-77.262,-11.633,-0.903,0,0,0,1
-75.543,-13.808,-0.913,0,0,0,1
-73.845,-15.49,-0.922,0,0,0,1
-71.604,-17.223,-0.933,0,0,0,1
-70.039,-18.157,-0.94,0,0,0,1
-67.441,-19.354,-0.951,0,0,0,1
-65.156,-20.064,-0.96,0,0,0,1
-62.189,-20.589,-0.971,0,0,0,1
-59.232,-20.658,-0.982,0,0,0,1
-57.67,-20.553,-0.988,0,0,0,1
-54.601,-19.999,-1,0,0,0,1
-52.604,-19.277,-1.008,0,0,0,1
-50.017,-18.049,-1.02,0,0,0,1
-48.479,-17.106,-1.027,0,0,0,1
-46.143,-15.239,-1.038,0,0,0,1
-44.726,-13.801,-1.046,0,0,0,1
-42.938,-11.507,-1.058,0,0,0,1
-42.012,-9.955,-1.065,0,0,0,1
-41.271,-8.419,-1.071,0,0,0,1
-40.65,-6.89,-1.078,0,0,0,1
-40.178,-5.35,-1.084,0,0,0,1
-39.603,-2.293,-1.096,0,0,0,1
-39.527,0.768,-1.108,0,0,0,1
-39.638,2.358,-1.115,0,0,0,1
-40.263,5.421,-1.127,0,0,0,1
-40.8,7.075,-1.134,0,0,0,1
-42.112,9.899,-1.146,0,0,0,1
-43.311,11.796,-1.155,0,0,0,1
-44.568,13.382,-1.163,0,0,0,1
-46.641,15.433,-1.174,0,0,0,1
-48.887,17.092,-1.185,0,0,0,1
-50.546,18.074,-1.193,0,0,0,1
-53.162,19.184,-1.204,0,0,0,1
-54.7,19.656,-1.21,0,0,0,1
-57.723,20.226,-1.222,0,0,0,1
-60.768,20.302,-1.234,0,0,0,1
-62.342,20.193,-1.24,0,0,0,1
-65.388,19.571,-1.252,0,0,0,1
-67.023,19.04,-1.259,0,0,0,1
-69.409,17.984,-1.269,0,0,0,1
-71.702,16.553,-1.28,0,0,0,1
-73.262,15.319,-1.288,0,0,0,1
-75.314,13.246,-1.299,0,0,0,1
-76.957,11.023,-1.31,0,0,0,1
-77.943,9.353,-1.318,0,0,0,1
-79.036,6.775,-1.329,0,0,0,1
-79.495,5.281,-1.335,0,0,0,1
-80.069,2.26,-1.347,0,0,0,1
-80.143,-0.783,-1.359,0,0,0,1
-80.038,-2.319,-1.365,0,0,0,1
-79.415,-5.363,-1.377,0,0,0,1
-78.89,-6.984,-1.384,0,0,0,1
-77.606,-9.747,-1.396,0,0,0,1
-76.425,-11.618,-1.404,0,0,0,1
-75.207,-13.159,-1.412,0,0,0,1
-73.15,-15.197,-1.423,0,0,0,1
-70.94,-16.831,-1.434,0,0,0,1
-69.288,-17.808,-1.442,0,0,0,1
-66.728,-18.895,-1.452,0,0,0,1
-65.25,-19.35,-1.458,0,0,0,1
-62.251,-19.921,-1.47,0,0,0,1
-59.227,-19.998,-1.482,0,0,0,1
-57.69,-19.892,-1.488,0,0,0,1
-54.773,-19.297,-1.5,0,0,0,1
-52.861,-18.68,-1.508,0,0,0,1
-51.311,-17.99,-1.515,0,0,0,1
-48.469,-16.311,-1.528,0,0,0,1
-46.813,-14.988,-1.537,0,0,0,1
-44.917,-13.064,-1.548,0,0,0,1
-43.287,-10.862,-1.559,0,0,0,1
-42.322,-9.233,-1.566,0,0,0,1
-41.309,-6.882,-1.577,0,0,0,1
-40.834,-5.369,-1.583,0,0,0,1
-40.227,-2.3,-1.596,0,0,0,1
-40.143,0.779,-1.608,0,0,0,1
-40.256,2.355,-1.615,0,0,0,1
-40.536,3.935,-1.621,0,0,0,1
-40.931,5.52,-1.628,0,0,0,1
-41.453,7.102,-1.634,0,0,0,1
-42.537,9.441,-1.645,0,0,0,1
-43.803,11.456,-1.654,0,0,0,1
-45.088,13.068,-1.663,0,0,0,1
-47.021,14.978,-1.674,0,0,0,1
-48.98,16.462,-1.684,0,0,0,1
-50.832,17.561,-1.692,0,0,0,1
-53.132,18.555,-1.702,0,0,0,1
-54.669,19.039,-1.709,0,0,0,1
-57.712,19.642,-1.721,0,0,0,1
-60.776,19.726,-1.734,0,0,0,1
-62.341,19.614,-1.74,0,0,0,1
-63.909,19.337,-1.747,0,0,0,1
-65.481,18.945,-1.753,0,0,0,1
-67.051,18.428,-1.76,0,0,0,1
-69.381,17.35,-1.77,0,0,0,1
-70.959,16.387,-1.778,0,0,0,1
-73.26,14.564,-1.789,0,0,0,1
-74.88,12.899,-1.799,0,0,0,1
-76.357,10.949,-1.809,0,0,0,1
-77.446,9.117,-1.817,0,0,0,1
-78.435,6.835,-1.827,0,0,0,1
-78.919,5.294,-1.834,0,0,0,1
-79.521,2.257,-1.846,0,0,0,1
-79.601,-0.787,-1.858,0,0,0,1
-79.489,-2.354,-1.865,0,0,0,1
-79.213,-3.893,-1.871,0,0,0,1
-78.827,-5.443,-1.878,0,0,0,1
-78.323,-6.986,-1.884,0,0,0,1
-77.243,-9.319,-1.894,0,0,0,1
-76.282,-10.894,-1.902,0,0,0,1
-74.476,-13.18,-1.914,0,0,0,1
-72.899,-14.72,-1.923,0,0,0,1
-70.879,-16.255,-1.933,0,0,0,1
-69.07,-17.335,-1.941,0,0,0,1
-66.777,-18.331,-1.951,0,0,0,1
-65.268,-18.797,-1.958,0,0,0,1
-62.25,-19.401,-1.97,0,0,0,1
-59.222,-19.478,-1.982,0,0,0,1
-57.683,-19.378,-1.989,0,0,0,1
-54.897,-18.79,-2,0,0,0,1
-52.986,-18.187,-2.008,0,0,0,1
-50.502,-16.988,-2.02,0,0,0,1
-49.173,-16.177,-2.026,0,0,0,1
-47.163,-14.632,-2.037,0,0,0,1
-45.368,-12.819,-2.047,0,0,0,1
-43.85,-10.811,-2.058,0,0,0,1
-42.904,-9.232,-2.065,0,0,0,1
-41.844,-6.918,-2.076,0,0,0,1
-41.363,-5.363,-2.082,0,0,0,1
-40.726,-2.275,-2.096,0,0,0,1
-40.65,0.803,-2.108,0,0,0,1
-40.761,2.4,-2.115,0,0,0,1
-41.053,3.956,-2.121,0,0,0,1
-41.929,6.963,-2.134,0,0,0,1
-43.127,9.444,-2.146,0,0,0,1
-44.454,11.477,-2.156,0,0,0,1
-45.463,12.754,-2.163,0,0,0,1
-46.653,13.95,-2.17,0,0,0,1
-49.258,16.045,-2.183,0,0,0,1
-50.814,16.977,-2.191,0,0,0,1
-53.141,18.045,-2.202,0,0,0,1
-54.67,18.516,-2.208,0,0,0,1
-57.733,19.149,-2.221,0,0,0,1
-60.796,19.225,-2.234,0,0,0,1
-62.377,19.116,-2.24,0,0,0,1
-63.927,18.826,-2.247,0,0,0,1
-65.481,18.422,-2.254,0,0,0,1
-67.059,17.89,-2.26,0,0,0,1
-69.383,16.764,-2.271,0,0,0,1
-70.955,15.8,-2.279,0,0,0,1
-72.672,14.443,-2.288,0,0,0,1
-74.435,12.665,-2.298,0,0,0,1
-75.774,10.942,-2.307,0,0,0,1
-76.794,9.248,-2.315,0,0,0,1
-77.918,6.838,-2.326,0,0,0,1
-78.395,5.301,-2.333,0,0,0,1
-79.024,2.266,-2.346,0,0,0,1
-79.101,-0.788,-2.358,0,0,0,1
-78.993,-2.357,-2.365,0,0,0,1
-78.705,-3.895,-2.371,0,0,0,1
-78.303,-5.444,-2.378,0,0,0,1
-77.777,-7.009,-2.385,0,0,0,1
-76.659,-9.318,-2.396,0,0,0,1
-75.695,-10.886,-2.403,0,0,0,1
-74.351,-12.588,-2.412,0,0,0,1
-72.839,-14.104,-2.421,0,0,0,1
-70.581,-15.852,-2.433,0,0,0,1
-69.062,-16.761,-2.44,0,0,0,1
-66.805,-17.797,-2.45,0,0,0,1
-65.273,-18.274,-2.457,0,0,0,1
-62.258,-18.901,-2.47,0,0,0,1
-59.22,-18.977,-2.482,0,0,0,1
-57.684,-18.875,-2.489,0,0,0,1
-55.022,-18.297,-2.5,0,0,0,1
-53.208,-17.74,-2.508,0,0,0,1
-51.309,-16.875,-2.517,0,0,0,1
-49.033,-15.473,-2.528,0,0,0,1
-46.912,-13.687,-2.54,0,0,0,1
-45.243,-11.846,-2.551,0,0,0,1
-44.549,-10.951,-2.555,0,0,0,1
-43.075,-8.457,-2.568,0,0,0,1
-42.379,-6.892,-2.575,0,0,0,1
-41.853,-5.258,-2.582,0,0,0,1
-41.226,-2.279,-2.595,0,0,0,1
-41.15,0.804,-2.608,0,0,0,1
-41.269,2.401,-2.615,0,0,0,1
-41.56,3.956,-2.622,0,0,0,1
-42.209,6.235,-2.632,0,0,0,1
-43.255,8.674,-2.643,0,0,0,1
-44.734,11.026,-2.655,0,0,0,1
-46.002,12.602,-2.664,0,0,0,1
-47.458,14.046,-2.672,0,0,0,1
-49.123,15.35,-2.681,0,0,0,1
-51.594,16.81,-2.694,0,0,0,1
-53.292,17.566,-2.701,0,0,0,1
-56.198,18.374,-2.714,0,0,0,1
-57.729,18.648,-2.721,0,0,0,1
-60.796,18.725,-2.734,0,0,0,1
-62.379,18.608,-2.741,0,0,0,1
-63.925,18.318,-2.747,0,0,0,1
-66.189,17.674,-2.757,0,0,0,1
-68.613,16.635,-2.769,0,0,0,1
-70.952,15.166,-2.78,0,0,0,1
-72.519,13.904,-2.789,0,0,0,1
-73.952,12.459,-2.797,0,0,0,1
-75.68,10.137,-2.81,0,0,0,1
-76.697,8.354,-2.818,0,0,0,1
-77.623,6.114,-2.829,0,0,0,1
-78.252,3.779,-2.839,0,0,0,1
-78.523,2.263,-2.846,0,0,0,1
-78.601,-0.788,-2.859,0,0,0,1
-78.486,-2.356,-2.865,0,0,0,1
-78.197,-3.894,-2.872,0,0,0,1
-77.558,-6.143,-2.882,0,0,0,1
-76.526,-8.552,-2.893,0,0,0,1
-75.065,-10.879,-2.905,0,0,0,1
-73.812,-12.435,-2.913,0,0,0,1
-72.378,-13.858,-2.922,0,0,0,1
-70.066,-15.578,-2.934,0,0,0,1
-68.514,-16.49,-2.942,0,0,0,1
-66.774,-17.264,-2.95,0,0,0,1
-65.166,-17.785,-2.957,0,0,0,1
-62.255,-18.399,-2.97,0,0,0,1
-59.22,-18.477,-2.982,0,0,0,1
-57.666,-18.364,-2.989,0,0,0,1
-55.144,-17.819,-3,0,0,0,1
-53.642,-17.361,-3.007,0,0,0,1
-51.522,-16.424,-3.017,0,0,0,1
-49.197,-14.967,-3.029,0,0,0,1
-47.648,-13.72,-3.038,0,0,0,1
-46.231,-12.291,-3.046,0,0,0,1
-44.521,-9.99,-3.059,0,0,0,1
-43.622,-8.458,-3.067,0,0,0,1
-42.613,-6.035,-3.078,0,0,0,1
-42.009,-3.824,-3.088,0,0,0,1
-41.733,-2.279,-3.095,0,0,0,1
-41.641,-0.771,-3.102,0,0,0,1
-41.65,0.805,-3.108,0,0,0,1
-41.777,2.402,-3.115,0,0,0,1
-42.068,3.954,-3.122,0,0,0,1
-42.757,6.314,-3.133,0,0,0,1
-43.812,8.652,-3.144,0,0,0,1
-44.775,10.228,-3.152,0,0,0,1
-46.375,12.269,-3.164,0,0,0,1
-47.794,13.675,-3.172,0,0,0,1
-49.79,15.2,-3.183,0,0,0,1
-51.594,16.264,-3.192,0,0,0,1
-54.005,17.268,-3.204,0,0,0,1
-56.199,17.867,-3.214,0,0,0,1
-57.729,18.141,-3.221,0,0,0,1
-59.229,18.233,-3.227,0,0,0,1
-60.796,18.225,-3.234,0,0,0,1
-62.38,18.1,-3.241,0,0,0,1
-63.922,17.811,-3.248,0,0,0,1
-66.27,17.125,-3.258,0,0,0,1
-68.773,15.967,-3.271,0,0,0,1
-70.156,15.123,-3.278,0,0,0,1
-71.713,13.928,-3.286,0,0,0,1
-72.905,12.806,-3.293,0,0,0,1
-74.519,10.93,-3.304,0,0,0,1
-75.097,10.139,-3.308,0,0,0,1
-76.031,8.579,-3.316,0,0,0,1
-76.836,6.813,-3.325,0,0,0,1
-77.559,4.623,-3.335,0,0,0,1
-78.016,2.262,-3.345,0,0,0,1
-78.108,0.771,-3.352,0,0,0,1
-78.101,-0.788,-3.359,0,0,0,1
-77.978,-2.357,-3.366,0,0,0,1
-77.69,-3.891,-3.372,0,0,0,1
-77.259,-5.434,-3.379,0,0,0,1
-76.293,-7.86,-3.391,0,0,0,1
-75.021,-10.085,-3.402,0,0,0,1
-73.836,-11.63,-3.41,0,0,0,1
-72.36,-13.173,-3.42,0,0,0,1
-70.067,-14.996,-3.433,0,0,0,1
-68.513,-15.926,-3.44,0,0,0,1
-66.77,-16.72,-3.449,0,0,0,1
-64.592,-17.439,-3.459,0,0,0,1
-62.253,-17.892,-3.469,0,0,0,1
-60.771,-17.985,-3.476,0,0,0,1
-59.221,-17.977,-3.483,0,0,0,1
-57.684,-17.86,-3.489,0,0,0,1
-55.278,-17.33,-3.5,0,0,0,1
-53.626,-16.832,-3.508,0,0,0,1
-51.524,-15.858,-3.518,0,0,0,1
-49.695,-14.725,-3.528,0,0,0,1
-47.724,-13.087,-3.539,0,0,0,1
-46.546,-11.896,-3.547,0,0,0,1
-45.099,-9.983,-3.558,0,0,0,1
-44.183,-8.453,-3.566,0,0,0,1
-43.396,-6.723,-3.574,0,0,0,1
-42.931,-5.369,-3.581,0,0,0,1
-42.516,-3.82,-3.588,0,0,0,1
-42.241,-2.28,-3.595,0,0,0,1
-42.141,-0.771,-3.602,0,0,0,1
-42.15,0.806,-3.609,0,0,0,1
-42.285,2.403,-3.616,0,0,0,1
-42.577,3.959,-3.623,0,0,0,1
-43.285,6.328,-3.634,0,0,0,1
-44.407,8.669,-3.646,0,0,0,1
-45.462,10.338,-3.655,0,0,0,1
-46.614,11.795,-3.663,0,0,0,1
-48.189,13.361,-3.673,0,0,0,1
-49.785,14.6,-3.682,0,0,0,1
-51.609,15.708,-3.691,0,0,0,1
-53.314,16.483,-3.7,0,0,0,1
-54.665,16.948,-3.706,0,0,0,1
-56.203,17.361,-3.713,0,0,0,1
-57.729,17.634,-3.72,0,0,0,1
-59.229,17.733,-3.727,0,0,0,1
-60.796,17.725,-3.734,0,0,0,1
-62.381,17.592,-3.741,0,0,0,1
-63.926,17.302,-3.748,0,0,0,1
-65.486,16.85,-3.756,0,0,0,1
-67.83,15.895,-3.767,0,0,0,1
-70.263,14.438,-3.78,0,0,0,1
-71.714,13.291,-3.788,0,0,0,1
-73.287,11.702,-3.798,0,0,0,1
-74.499,10.141,-3.807,0,0,0,1
-75.449,8.579,-3.815,0,0,0,1
-76.365,6.644,-3.825,0,0,0,1
-76.828,5.302,-3.831,0,0,0,1
-77.238,3.775,-3.838,0,0,0,1
-77.509,2.262,-3.845,0,0,0,1
-77.608,0.771,-3.852,0,0,0,1
-77.601,-0.787,-3.859,0,0,0,1
-77.47,-2.358,-3.866,0,0,0,1
-77.182,-3.893,-3.873,0,0,0,1
-76.733,-5.444,-3.88,0,0,0,1
-75.783,-7.774,-3.891,0,0,0,1
-74.34,-10.187,-3.904,0,0,0,1
-73.179,-11.655,-3.912,0,0,0,1
-71.621,-13.193,-3.922,0,0,0,1
-70.068,-14.399,-3.931,0,0,0,1
-68.516,-15.343,-3.939,0,0,0,1
-66.595,-16.251,-3.949,0,0,0,1
-65.268,-16.709,-3.955,0,0,0,1
-63.752,-17.117,-3.962,0,0,0,1
-62.252,-17.385,-3.969,0,0,0,1
-60.771,-17.485,-3.976,0,0,0,1
-59.222,-17.477,-3.983,0,0,0,1
-57.684,-17.352,-3.99,0,0,0,1
-55.414,-16.852,-4,0,0,0,1
-53.42,-16.191,-4.01,0,0,0,1
-51.524,-15.274,-4.019,0,0,0,1
-49.989,-14.321,-4.028,0,0,0,1
-48.429,-13.087,-4.037,0,0,0,1
-46.921,-11.566,-4.047,0,0,0,1
-45.702,-9.994,-4.056,0,0,0,1
-44.765,-8.453,-4.064,0,0,0,1
-43.867,-6.552,-4.074,0,0,0,1
-43.022,-3.818,-4.087,0,0,0,1
-42.748,-2.281,-4.095,0,0,0,1
-42.641,-0.771,-4.102,0,0,0,1
-42.651,0.806,-4.109,0,0,0,1
-42.793,2.404,-4.116,0,0,0,1
-43.089,3.983,-4.124,0,0,0,1
-43.825,6.311,-4.135,0,0,0,1
-44.568,7.942,-4.143,0,0,0,1
-46.028,10.249,-4.156,0,0,0,1
-46.99,11.466,-4.163,0,0,0,1
-48.521,12.987,-4.173,0,0,0,1
-50.08,14.197,-4.182,0,0,0,1
-52.36,15.512,-4.194,0,0,0,1
-54.68,16.431,-4.206,0,0,0,1
-56.205,16.854,-4.213,0,0,0,1
-57.729,17.126,-4.22,0,0,0,1
-59.229,17.233,-4.227,0,0,0,1
-60.796,17.224,-4.234,0,0,0,1
-62.382,17.084,-4.242,0,0,0,1
-63.948,16.79,-4.249,0,0,0,1
-66.268,16.057,-4.26,0,0,0,1
-67.885,15.321,-4.269,0,0,0,1
-70.172,13.874,-4.281,0,0,0,1
-71.382,12.916,-4.288,0,0,0,1
-73.27,10.91,-4.301,0,0,0,1
-74.388,9.38,-4.31,0,0,0,1
-75.341,7.719,-4.318,0,0,0,1
-76.311,5.286,-4.331,0,0,0,1
-76.732,3.773,-4.338,0,0,0,1
-77.002,2.261,-4.345,0,0,0,1
-77.108,0.771,-4.352,0,0,0,1
-77.1,-0.787,-4.359,0,0,0,1
-76.962,-2.359,-4.366,0,0,0,1
-76.67,-3.914,-4.374,0,0,0,1
-75.941,-6.225,-4.385,0,0,0,1
-75.21,-7.827,-4.393,0,0,0,1
-73.776,-10.095,-4.405,0,0,0,1
-72.806,-11.322,-4.413,0,0,0,1
-70.834,-13.172,-4.425,0,0,0,1
-69.31,-14.286,-4.434,0,0,0,1
-67.663,-15.23,-4.443,0,0,0,1
-65.251,-16.192,-4.455,0,0,0,1
-63.75,-16.61,-4.462,0,0,0,1
-62.252,-16.878,-4.469,0,0,0,1
-60.771,-16.985,-4.476,0,0,0,1
-59.223,-16.977,-4.483,0,0,0,1
-57.663,-16.84,-4.49,0,0,0,1
-55.55,-16.38,-4.5,0,0,0,1
-53.632,-15.739,-4.51,0,0,0,1
-52.047,-15.008,-4.518,0,0,0,1
-49.99,-13.686,-4.53,0,0,0,1
-48.455,-12.408,-4.539,0,0,0,1
-47.597,-11.541,-4.545,0,0,0,1
-46.334,-9.995,-4.554,0,0,0,1
-44.925,-7.704,-4.567,0,0,0,1
-44.235,-6.151,-4.575,0,0,0,1
-43.529,-3.815,-4.587,0,0,0,1
-43.256,-2.285,-4.594,0,0,0,1
-43.141,-0.771,-4.601,0,0,0,1
-43.151,0.807,-4.609,0,0,0,1
-43.301,2.406,-4.617,0,0,0,1
-43.598,3.985,-4.624,0,0,0,1
-44.377,6.32,-4.636,0,0,0,1
-45.472,8.497,-4.648,0,0,0,1
-46.022,9.398,-4.653,0,0,0,1
-47.305,11.059,-4.663,0,0,0,1
-48.656,12.421,-4.672,0,0,0,1
-50.828,14.077,-4.685,0,0,0,1
-52.941,15.224,-4.696,0,0,0,1
-54.68,15.909,-4.705,0,0,0,1
-56.207,16.348,-4.713,0,0,0,1
-57.725,16.619,-4.72,0,0,0,1
-59.229,16.733,-4.727,0,0,0,1
-60.797,16.724,-4.735,0,0,0,1
-62.383,16.576,-4.742,0,0,0,1
-63.949,16.282,-4.75,0,0,0,1
-65.492,15.801,-4.757,0,0,0,1
-67.677,14.867,-4.769,0,0,0,1
-69.411,13.823,-4.778,0,0,0,1
-71.066,12.531,-4.788,0,0,0,1
-72.614,10.941,-4.799,0,0,0,1
-73.89,9.242,-4.809,0,0,0,1
-74.826,7.648,-4.818,0,0,0,1
-75.789,5.285,-4.83,0,0,0,1
-76.225,3.77,-4.837,0,0,0,1
-76.494,2.265,-4.845,0,0,0,1
-76.609,0.771,-4.852,0,0,0,1
-76.6,-0.787,-4.859,0,0,0,1
-76.454,-2.36,-4.867,0,0,0,1
-76.162,-3.913,-4.874,0,0,0,1
-75.685,-5.446,-4.882,0,0,0,1
-74.755,-7.623,-4.893,0,0,0,1
-73.72,-9.341,-4.903,0,0,0,1
-72.438,-10.982,-4.913,0,0,0,1
-70.862,-12.519,-4.923,0,0,0,1
-69.175,-13.785,-4.933,0,0,0,1
-67.602,-14.711,-4.942,0,0,0,1
-65.415,-15.62,-4.953,0,0,0,1
-63.748,-16.104,-4.961,0,0,0,1
-62.254,-16.37,-4.969,0,0,0,1
-60.771,-16.485,-4.976,0,0,0,1
-59.224,-16.477,-4.983,0,0,0,1
-57.682,-16.336,-4.99,0,0,0,1
-55.694,-15.908,-5,0,0,0,1
-53.629,-15.19,-5.011,0,0,0,1
-52.441,-14.648,-5.017,0,0,0,1
-51.269,-13.948,-5.024,0,0,0,1
-49.101,-12.346,-5.037,0,0,0,1
-47.574,-10.779,-5.048,0,0,0,1
-46.391,-9.227,-5.057,0,0,0,1
-45.401,-7.547,-5.067,0,0,0,1
-44.491,-5.35,-5.079,0,0,0,1
-44.035,-3.814,-5.086,0,0,0,1
-43.763,-2.288,-5.094,0,0,0,1
-43.641,-0.771,-5.101,0,0,0,1
-43.651,0.809,-5.109,0,0,0,1
-43.809,2.407,-5.117,0,0,0,1
-44.114,3.986,-5.125,0,0,0,1
-44.929,6.327,-5.137,0,0,0,1
-45.688,7.894,-5.146,0,0,0,1
-47.047,9.929,-5.158,0,0,0,1
-47.682,10.731,-5.163,0,0,0,1
-49.05,12.109,-5.172,0,0,0,1
-50.651,13.376,-5.182,0,0,0,1
-52.931,14.674,-5.195,0,0,0,1
-54.686,15.389,-5.204,0,0,0,1
-56.209,15.841,-5.212,0,0,0,1
-57.723,16.111,-5.22,0,0,0,1
-59.229,16.233,-5.227,0,0,0,1
-60.797,16.224,-5.235,0,0,0,1
-62.384,16.068,-5.243,0,0,0,1
-63.949,15.766,-5.25,0,0,0,1
-66.278,14.956,-5.263,0,0,0,1
-67.837,14.2,-5.271,0,0,0,1
-69.29,13.299,-5.279,0,0,0,1
-71.376,11.513,-5.293,0,0,0,1
-72.328,10.496,-5.3,0,0,0,1
-73.274,9.277,-5.307,0,0,0,1
-74.294,7.593,-5.317,0,0,0,1
-75.27,5.277,-5.329,0,0,0,1
-75.719,3.768,-5.337,0,0,0,1
-75.986,2.266,-5.344,0,0,0,1
-76.108,0.771,-5.352,0,0,0,1
-76.1,-0.787,-5.359,0,0,0,1
-75.95,-2.339,-5.367,0,0,0,1
-75.647,-3.911,-5.375,0,0,0,1
-75.157,-5.458,-5.383,0,0,0,1
-74.089,-7.78,-5.395,0,0,0,1
-73.199,-9.217,-5.404,0,0,0,1
-71.425,-11.288,-5.417,0,0,0,1
-70.418,-12.232,-5.424,0,0,0,1
-69.2,-13.176,-5.431,0,0,0,1
-67.533,-14.185,-5.441,0,0,0,1
-65.241,-15.151,-5.453,0,0,0,1
-63.745,-15.597,-5.461,0,0,0,1
-62.255,-15.863,-5.468,0,0,0,1
-60.771,-15.985,-5.476,0,0,0,1
-59.224,-15.977,-5.483,0,0,0,1
-57.684,-15.829,-5.491,0,0,0,1
-55.84,-15.439,-5.5,0,0,0,1
-54.445,-14.997,-5.507,0,0,0,1
-52.854,-14.288,-5.516,0,0,0,1
-50.849,-13.093,-5.528,0,0,0,1
-49.003,-11.542,-5.54,0,0,0,1
-48.093,-10.623,-5.547,0,0,0,1
-46.924,-9.126,-5.556,0,0,0,1
-45.662,-6.904,-5.569,0,0,0,1
-45.021,-5.376,-5.578,0,0,0,1
-44.544,-3.817,-5.586,0,0,0,1
-44.271,-2.288,-5.594,0,0,0,1
-44.141,-0.771,-5.601,0,0,0,1
-44.151,0.808,-5.609,0,0,0,1
-44.317,2.409,-5.618,0,0,0,1
-44.638,3.986,-5.626,0,0,0,1
-45.123,5.515,-5.634,0,0,0,1
-45.838,7.118,-5.643,0,0,0,1
-46.744,8.664,-5.652,0,0,0,1
-47.683,9.928,-5.66,0,0,0,1
-48.547,10.908,-5.666,0,0,0,1
-49.761,12.054,-5.675,0,0,0,1
-51.353,13.228,-5.685,0,0,0,1
-53.147,14.223,-5.695,0,0,0,1
-54.661,14.859,-5.704,0,0,0,1
-56.207,15.332,-5.712,0,0,0,1
-57.724,15.604,-5.72,0,0,0,1
-59.229,15.733,-5.727,0,0,0,1
-60.797,15.724,-5.735,0,0,0,1
-62.385,15.56,-5.743,0,0,0,1
-63.949,15.242,-5.751,0,0,0,1
-65.475,14.758,-5.759,0,0,0,1
-67.056,14.052,-5.768,0,0,0,1
-68.605,13.145,-5.777,0,0,0,1
-70.461,11.727,-5.789,0,0,0,1
-71.731,10.445,-5.798,0,0,0,1
-72.863,8.992,-5.807,0,0,0,1
-74.014,7.018,-5.819,0,0,0,1
-74.74,5.302,-5.828,0,0,0,1
-75.21,3.768,-5.837,0,0,0,1
-75.479,2.265,-5.844,0,0,0,1
-75.608,0.771,-5.852,0,0,0,1
-75.6,-0.785,-5.86,0,0,0,1
-75.442,-2.339,-5.868,0,0,0,1
-75.124,-3.912,-5.876,0,0,0,1
-74.64,-5.436,-5.884,0,0,0,1
-73.947,-6.988,-5.892,0,0,0,1
-72.799,-8.917,-5.904,0,0,0,1
-71.635,-10.378,-5.913,0,0,0,1
-70.372,-11.628,-5.922,0,0,0,1
-68.523,-13.012,-5.934,0,0,0,1
-66.966,-13.901,-5.943,0,0,0,1
-65.265,-14.622,-5.952,0,0,0,1
-63.744,-15.087,-5.96,0,0,0,1
-62.254,-15.356,-5.968,0,0,0,1
-60.771,-15.485,-5.976,0,0,0,1
-59.226,-15.477,-5.983,0,0,0,1
-56.832,-15.16,-5.996,0,0,0,1
-55.988,-14.963,-6,0,0,0,1
-54.603,-14.523,-6.008,0,0,0,1
-53.065,-13.835,-6.016,0,0,0,1
-51.528,-12.936,-6.026,0,0,0,1
-49.712,-11.549,-6.038,0,0,0,1
-48.452,-10.276,-6.047,0,0,0,1
-47.078,-8.43,-6.059,0,0,0,1
-46.202,-6.89,-6.068,0,0,0,1
-45.543,-5.377,-6.077,0,0,0,1
-45.071,-3.833,-6.085,0,0,0,1
-44.778,-2.289,-6.094,0,0,0,1
-44.641,-0.771,-6.102,0,0,0,1
-44.653,0.832,-6.11,0,0,0,1
-44.822,2.393,-6.118,0,0,0,1
-45.159,3.976,-6.127,0,0,0,1
-45.68,5.568,-6.135,0,0,0,1
-46.401,7.145,-6.144,0,0,0,1
-47.359,8.713,-6.154,0,0,0,1
-48.609,10.268,-6.164,0,0,0,1
-49.805,11.451,-6.173,0,0,0,1
-51.322,12.627,-6.183,0,0,0,1
-53.161,13.683,-6.194,0,0,0,1
-54.661,14.337,-6.203,0,0,0,1
-56.202,14.808,-6.211,0,0,0,1
-57.724,15.097,-6.219,0,0,0,1
-59.229,15.233,-6.227,0,0,0,1
-60.82,15.222,-6.236,0,0,0,1
-62.369,15.055,-6.244,0,0,0,1
-63.938,14.722,-6.252,0,0,0,1
-65.518,14.205,-6.261,0,0,0,1
-67.082,13.491,-6.27,0,0,0,1
-68.637,12.54,-6.279,0,0,0,1
-70.18,11.302,-6.29,0,0,0,1
-71.354,10.115,-6.298,0,0,0,1
-72.534,8.591,-6.308,0,0,0,1
-73.464,7.025,-6.318,0,0,0,1
-74.226,5.277,-6.328,0,0,0,1
-74.689,3.763,-6.336,0,0,0,1
-74.972,2.264,-6.344,0,0,0,1
-75.108,0.771,-6.352,0,0,0,1
-75.098,-0.808,-6.36,0,0,0,1
-74.933,-2.346,-6.368,0,0,0,1
-74.603,-3.901,-6.377,0,0,0,1
-74.093,-5.465,-6.385,0,0,0,1
-73.396,-6.993,-6.394,0,0,0,1
-72.455,-8.538,-6.403,0,0,0,1
-71.214,-10.092,-6.414,0,0,0,1
-70.038,-11.256,-6.422,0,0,0,1
-68.522,-12.431,-6.432,0,0,0,1
-66.972,-13.352,-6.442,0,0,0,1
-65.24,-14.108,-6.452,0,0,0,1
-63.728,-14.57,-6.46,0,0,0,1
-62.252,-14.849,-6.468,0,0,0,1
-60.771,-14.985,-6.476,0,0,0,1
-59.204,-14.975,-6.484,0,0,0,1
-57.677,-14.812,-6.492,0,0,0,1
-56.14,-14.487,-6.5,0,0,0,1
-54.603,-13.988,-6.509,0,0,0,1
-52.83,-13.147,-6.519,0,0,0,1
-51.53,-12.351,-6.528,0,0,0,1
-49.994,-11.124,-6.538,0,0,0,1
-48.882,-10.001,-6.547,0,0,0,1
-47.673,-8.453,-6.557,0,0,0,1
-46.758,-6.914,-6.567,0,0,0,1
-46.077,-5.378,-6.576,0,0,0,1
-45.595,-3.838,-6.585,0,0,0,1
-45.288,-2.305,-6.593,0,0,0,1
-45.141,-0.771,-6.602,0,0,0,1
-45.152,0.811,-6.61,0,0,0,1
-45.323,2.356,-6.618,0,0,0,1
-45.934,4.769,-6.632,0,0,0,1
-46.581,6.339,-6.641,0,0,0,1
-47.457,7.915,-6.651,0,0,0,1
-47.981,8.696,-6.656,0,0,0,1
-48.973,9.925,-6.664,0,0,0,1
-50.081,11.021,-6.673,0,0,0,1
-51.32,11.999,-6.681,0,0,0,1
-53.144,13.13,-6.693,0,0,0,1
-54.661,13.803,-6.702,0,0,0,1
-56.201,14.286,-6.711,0,0,0,1
-57.708,14.587,-6.719,0,0,0,1
-59.229,14.733,-6.727,0,0,0,1
-60.798,14.723,-6.736,0,0,0,1
-62.342,14.552,-6.744,0,0,0,1
-63.934,14.2,-6.753,0,0,0,1
-65.502,13.664,-6.762,0,0,0,1
-67.052,12.925,-6.771,0,0,0,1
-68.619,11.92,-6.781,0,0,0,1
-70.179,10.593,-6.792,0,0,0,1
-70.941,9.823,-6.798,0,0,0,1
-71.904,8.598,-6.806,0,0,0,1
-72.886,7.029,-6.816,0,0,0,1
-73.685,5.298,-6.827,0,0,0,1
-74.164,3.772,-6.835,0,0,0,1
-74.463,2.279,-6.844,0,0,0,1
-74.609,0.771,-6.852,0,0,0,1
-74.599,-0.786,-6.86,0,0,0,1
-74.428,-2.329,-6.869,0,0,0,1
-74.082,-3.896,-6.877,0,0,0,1
-73.551,-5.451,-6.886,0,0,0,1
-72.766,-7.074,-6.896,0,0,0,1
-71.824,-8.54,-6.905,0,0,0,1
-70.51,-10.087,-6.916,0,0,0,1
-69.328,-11.182,-6.925,0,0,0,1
-67.758,-12.306,-6.935,0,0,0,1
-66.201,-13.149,-6.945,0,0,0,1
-63.757,-14.039,-6.959,0,0,0,1
-62.246,-14.343,-6.967,0,0,0,1
-60.771,-14.485,-6.975,0,0,0,1
-59.205,-14.475,-6.984,0,0,0,1
-57.685,-14.305,-6.992,0,0,0,1
-56.248,-13.988,-7,0,0,0,1
-54.415,-13.354,-7.011,0,0,0,1
-53.066,-12.707,-7.019,0,0,0,1
-51.532,-11.724,-7.029,0,0,0,1
-49.931,-10.351,-7.041,0,0,0,1
-48.914,-9.249,-7.05,0,0,0,1
-47.799,-7.692,-7.06,0,0,0,1
-46.62,-5.373,-7.075,0,0,0,1
-46.108,-3.812,-7.084,0,0,0,1
-45.792,-2.291,-7.093,0,0,0,1
-45.64,-0.76,-7.101,0,0,0,1
-45.654,0.834,-7.11,0,0,0,1
-45.842,2.416,-7.119,0,0,0,1
-46.209,3.985,-7.128,0,0,0,1
-47.133,6.348,-7.142,0,0,0,1
-48.378,8.393,-7.156,0,0,0,1
-49.738,9.98,-7.167,0,0,0,1
-50.829,10.987,-7.176,0,0,0,1
-52.374,12.093,-7.186,0,0,0,1
-54.672,13.262,-7.201,0,0,0,1
-56.215,13.768,-7.21,0,0,0,1
-57.723,14.083,-7.219,0,0,0,1
-59.24,14.234,-7.227,0,0,0,1
-60.82,14.221,-7.236,0,0,0,1
-62.389,14.036,-7.245,0,0,0,1
-63.945,13.673,-7.254,0,0,0,1
-66.283,12.759,-7.268,0,0,0,1
-68.013,11.752,-7.279,0,0,0,1
-69.286,10.755,-7.288,0,0,0,1
-70.89,9.093,-7.301,0,0,0,1
-71.502,8.303,-7.306,0,0,0,1
-72.75,6.175,-7.32,0,0,0,1
-73.145,5.283,-7.326,0,0,0,1
-73.646,3.758,-7.335,0,0,0,1
-73.958,2.264,-7.343,0,0,0,1
-74.109,0.76,-7.352,0,0,0,1
-74.098,-0.807,-7.36,0,0,0,1
-73.914,-2.362,-7.369,0,0,0,1
-73.555,-3.906,-7.378,0,0,0,1
-72.647,-6.23,-7.392,0,0,0,1
-71.65,-7.941,-7.403,0,0,0,1
-70.664,-9.201,-7.412,0,0,0,1
-69.011,-10.797,-7.425,0,0,0,1
-67.924,-11.626,-7.432,0,0,0,1
-66.748,-12.328,-7.44,0,0,0,1
-65.238,-13.03,-7.449,0,0,0,1
-63.731,-13.525,-7.458,0,0,0,1
-62.251,-13.836,-7.467,0,0,0,1
-60.76,-13.986,-7.475,0,0,0,1
-59.206,-13.975,-7.484,0,0,0,1
-57.667,-13.794,-7.492,0,0,0,1
-56.359,-13.491,-7.5,0,0,0,1
-55.139,-13.122,-7.507,0,0,0,1
-53.068,-12.123,-7.521,0,0,0,1
-52.146,-11.558,-7.527,0,0,0,1
-50.271,-9.985,-7.541,0,0,0,1
-49.639,-9.347,-7.546,0,0,0,1
-48.477,-7.853,-7.557,0,0,0,1
-47.512,-6.152,-7.569,0,0,0,1
-46.637,-3.835,-7.583,0,0,0,1
-46.3,-2.296,-7.592,0,0,0,1
-46.141,-0.771,-7.601,0,0,0,1
-46.154,0.835,-7.61,0,0,0,1
-46.339,2.359,-7.619,0,0,0,1
-46.977,4.756,-7.634,0,0,0,1
-47.683,6.349,-7.644,0,0,0,1
-49.013,8.391,-7.658,0,0,0,1
-49.72,9.26,-7.664,0,0,0,1
-50.745,10.274,-7.673,0,0,0,1
-51.622,10.97,-7.679,0,0,0,1
-53.775,12.318,-7.694,0,0,0,1
-54.672,12.716,-7.7,0,0,0,1
-56.193,13.24,-7.709,0,0,0,1
-57.719,13.575,-7.718,0,0,0,1
-59.229,13.733,-7.727,0,0,0,1
-60.821,13.721,-7.736,0,0,0,1
-62.344,13.536,-7.745,0,0,0,1
-64.653,12.924,-7.759,0,0,0,1
-66.292,12.206,-7.769,0,0,0,1
-67.869,11.241,-7.78,0,0,0,1
-69.182,10.182,-7.79,0,0,0,1
-70.187,9.165,-7.798,0,0,0,1
-70.875,8.297,-7.804,0,0,0,1
-71.868,6.787,-7.815,0,0,0,1
-72.857,4.634,-7.829,0,0,0,1
-73.439,2.333,-7.842,0,0,0,1
-73.609,0.771,-7.851,0,0,0,1
-73.598,-0.807,-7.861,0,0,0,1
-73.244,-3.218,-7.875,0,0,0,1
-72.459,-5.44,-7.888,0,0,0,1
-71.141,-7.797,-7.904,0,0,0,1
-70.091,-9.098,-7.914,0,0,0,1
-69.092,-10.085,-7.922,0,0,0,1
-68.229,-10.771,-7.928,0,0,0,1
-66.205,-12.056,-7.942,0,0,0,1
-64.59,-12.741,-7.952,0,0,0,1
-63.2,-13.16,-7.961,0,0,0,1
-60.771,-13.485,-7.975,0,0,0,1
-59.207,-13.475,-7.984,0,0,0,1
-57.685,-13.29,-7.993,0,0,0,1
-56.489,-13.013,-8,0,0,0,1
-53.817,-11.983,-8.017,0,0,0,1
-52.232,-11.005,-8.028,0,0,0,1
-50.993,-10.007,-8.038,0,0,0,1
-50.005,-9.006,-8.046,0,0,0,1
-48.98,-7.704,-8.056,0,0,0,1
-48.058,-6.152,-8.067,0,0,0,1
-47.158,-3.832,-8.082,0,0,0,1
-46.808,-2.303,-8.092,0,0,0,1
-46.639,-0.747,-8.101,0,0,0,1
-46.654,0.835,-8.111,0,0,0,1
-47.004,3.186,-8.125,0,0,0,1
-47.859,5.534,-8.14,0,0,0,1
-49.092,7.688,-8.155,0,0,0,1
-50.083,8.917,-8.164,0,0,0,1
-51.3,10.09,-8.175,0,0,0,1
-52.88,11.233,-8.186,0,0,0,1
-54.67,12.169,-8.198,0,0,0,1
-56.206,12.722,-8.208,0,0,0,1
-57.711,13.067,-8.218,0,0,0,1
-59.253,13.235,-8.227,0,0,0,1
-60.82,13.221,-8.236,0,0,0,1
-62.346,13.028,-8.246,0,0,0,1
-63.942,12.626,-8.255,0,0,0,1
-66.028,11.777,-8.269,0,0,0,1
-67.874,10.6,-8.282,0,0,0,1
-69.325,9.328,-8.294,0,0,0,1
-70.589,7.851,-8.305,0,0,0,1
-71.746,5.976,-8.319,0,0,0,1
-72.603,3.756,-8.333,0,0,0,1
-72.943,2.274,-8.342,0,0,0,1
-73.11,0.747,-8.351,0,0,0,1
-73.097,-0.806,-8.361,0,0,0,1
-72.904,-2.331,-8.37,0,0,0,1
-72.51,-3.899,-8.38,0,0,0,1
-71.666,-5.973,-8.393,0,0,0,1
-70.501,-7.8,-8.406,0,0,0,1
-69.239,-9.239,-8.418,0,0,0,1
-67.776,-10.491,-8.429,0,0,0,1
-65.952,-11.622,-8.442,0,0,0,1
-63.719,-12.485,-8.457,0,0,0,1
-62.26,-12.82,-8.466,0,0,0,1
-60.747,-12.987,-8.475,0,0,0,1
-59.209,-12.975,-8.484,0,0,0,1
-57.685,-12.782,-8.493,0,0,0,1
-56.611,-12.512,-8.5,0,0,0,1
-55.182,-12.059,-8.509,0,0,0,1
-53.07,-10.953,-8.524,0,0,0,1
-51.534,-9.815,-8.536,0,0,0,1
-50.193,-8.456,-8.548,0,0,0,1
-49.076,-6.909,-8.56,0,0,0,1
-48.49,-5.896,-8.567,0,0,0,1
-47.674,-3.811,-8.581,0,0,0,1
-47.314,-2.297,-8.591,0,0,0,1
-47.14,-0.762,-8.601,0,0,0,1
-47.154,0.835,-8.611,0,0,0,1
-47.367,2.422,-8.621,0,0,0,1
-48.059,4.772,-8.636,0,0,0,1
-48.85,6.367,-8.647,0,0,0,1
-49.327,7.146,-8.653,0,0,0,1
-50.281,8.384,-8.663,0,0,0,1
-51.283,9.402,-8.672,0,0,0,1
-52.369,10.286,-8.68,0,0,0,1
-53.905,11.263,-8.692,0,0,0,1
-56.219,12.204,-8.707,0,0,0,1
-57.718,12.561,-8.717,0,0,0,1
-59.238,12.734,-8.727,0,0,0,1
-60.82,12.721,-8.736,0,0,0,1
-62.392,12.511,-8.746,0,0,0,1
-63.919,12.11,-8.756,0,0,0,1
-66.066,11.188,-8.771,0,0,0,1
-67.571,10.204,-8.782,0,0,0,1
-68.633,9.318,-8.791,0,0,0,1
-69.314,8.628,-8.797,0,0,0,1
-70.185,7.558,-8.805,0,0,0,1
-71.153,6.036,-8.817,0,0,0,1
-71.736,4.767,-8.825,0,0,0,1
-72.083,3.75,-8.832,0,0,0,1
-72.437,2.267,-8.842,0,0,0,1
-72.61,0.762,-8.851,0,0,0,1
-72.597,-0.805,-8.861,0,0,0,1
-72.39,-2.362,-8.871,0,0,0,1
-71.99,-3.887,-8.881,0,0,0,1
-71.359,-5.444,-8.891,0,0,0,1
-70.47,-7.001,-8.902,0,0,0,1
-69.23,-8.545,-8.915,0,0,0,1
-68.541,-9.226,-8.921,0,0,0,1
-66.981,-10.446,-8.933,0,0,0,1
-65.219,-11.401,-8.946,0,0,0,1
-63.72,-11.963,-8.956,0,0,0,1
-62.252,-12.315,-8.965,0,0,0,1
-60.762,-12.486,-8.975,0,0,0,1
-59.21,-12.475,-8.984,0,0,0,1
-57.68,-12.273,-8.994,0,0,0,1
-56.736,-12.025,-9,0,0,0,1
-55.301,-11.565,-9.01,0,0,0,1
-54.362,-11.135,-9.017,0,0,0,1
-52.574,-10.003,-9.03,0,0,0,1
-51.541,-9.141,-9.039,0,0,0,1
-50.863,-8.454,-9.045,0,0,0,1
-49.589,-6.795,-9.059,0,0,0,1
-48.801,-5.367,-9.07,0,0,0,1
-47.996,-3.156,-9.085,0,0,0,1
-47.639,-0.741,-9.101,0,0,0,1
-47.655,0.837,-9.111,0,0,0,1
-47.864,2.365,-9.121,0,0,0,1
-48.3,3.973,-9.132,0,0,0,1
-48.865,5.334,-9.141,0,0,0,1
-49.74,6.865,-9.153,0,0,0,1
-50.568,7.942,-9.162,0,0,0,1
-52.067,9.421,-9.176,0,0,0,1
-53.151,10.233,-9.184,0,0,0,1
-54.692,11.087,-9.196,0,0,0,1
-56.205,11.678,-9.206,0,0,0,1
-57.648,12.042,-9.216,0,0,0,1
-59.259,12.236,-9.227,0,0,0,1
-60.821,12.221,-9.237,0,0,0,1
-62.348,12.011,-9.247,0,0,0,1
-63.78,11.63,-9.256,0,0,0,1
-65.534,10.906,-9.269,0,0,0,1
-67.284,9.795,-9.282,0,0,0,1
-68.608,8.633,-9.294,0,0,0,1
-69.949,7.046,-9.307,0,0,0,1
-70.871,5.489,-9.319,0,0,0,1
-71.559,3.758,-9.331,0,0,0,1
-71.93,2.271,-9.341,0,0,0,1
-72.111,0.741,-9.351,0,0,0,1
-72.097,-0.805,-9.361,0,0,0,1
-71.888,-2.331,-9.371,0,0,0,1
-71.464,-3.894,-9.382,0,0,0,1
-70.798,-5.472,-9.393,0,0,0,1
-69.867,-6.994,-9.404,0,0,0,1
-68.52,-8.545,-9.418,0,0,0,1
-66.979,-9.845,-9.431,0,0,0,1
-65.428,-10.763,-9.443,0,0,0,1
-63.721,-11.441,-9.455,0,0,0,1
-62.255,-11.807,-9.464,0,0,0,1
-60.741,-11.988,-9.474,0,0,0,1
-59.21,-11.975,-9.484,0,0,0,1
-57.685,-11.766,-9.494,0,0,0,1
-56.845,-11.57,-9.5,0,0,0,1
-55.972,-11.292,-9.506,0,0,0,1
-54.608,-10.698,-9.516,0,0,0,1
-53.074,-9.763,-9.528,0,0,0,1
-51.565,-8.455,-9.542,0,0,0,1
-50.261,-6.912,-9.556,0,0,0,1
-49.349,-5.371,-9.568,0,0,0,1
-48.512,-3.137,-9.584,0,0,0,1
-48.329,-2.302,-9.59,0,0,0,1
-48.139,-0.747,-9.601,0,0,0,1
-48.155,0.837,-9.611,0,0,0,1
-48.373,2.367,-9.622,0,0,0,1
-48.774,3.817,-9.632,0,0,0,1
-49.537,5.579,-9.645,0,0,0,1
-50.343,6.856,-9.655,0,0,0,1
-51.266,7.982,-9.665,0,0,0,1
-52.023,8.729,-9.672,0,0,0,1
-53.158,9.634,-9.682,0,0,0,1
-54.445,10.422,-9.692,0,0,0,1
-56.205,11.156,-9.705,0,0,0,1
-57.737,11.551,-9.716,0,0,0,1
-59.255,11.735,-9.726,0,0,0,1
-60.822,11.72,-9.737,0,0,0,1
-62.349,11.503,-9.748,0,0,0,1
-63.928,11.059,-9.759,0,0,0,1
-65.507,10.361,-9.77,0,0,0,1
-67.067,9.329,-9.783,0,0,0,1
-67.893,8.646,-9.79,0,0,0,1
-68.633,7.896,-9.797,0,0,0,1
-69.839,6.291,-9.811,0,0,0,1
-70.314,5.493,-9.817,0,0,0,1
-71.038,3.757,-9.83,0,0,0,1
-71.427,2.246,-9.841,0,0,0,1
-71.611,0.745,-9.851,0,0,0,1
-71.597,-0.806,-9.862,0,0,0,1
-71.38,-2.332,-9.872,0,0,0,1
-70.94,-3.891,-9.883,0,0,0,1
-70.25,-5.449,-9.895,0,0,0,1
-69.228,-6.996,-9.907,0,0,0,1
-68.553,-7.812,-9.914,0,0,0,1
-67.807,-8.547,-9.921,0,0,0,1
-66.222,-9.737,-9.935,0,0,0,1
-65.428,-10.209,-9.941,0,0,0,1
-63.729,-10.917,-9.954,0,0,0,1
-62.23,-11.305,-9.964,0,0,0,1
-60.745,-11.488,-9.974,0,0,0,1
-59.21,-11.475,-9.985,0,0,0,1
-56.985,-11.06,-10,0,0,0,1
-55.37,-10.498,-10.012,0,0,0,1
-53.825,-9.66,-10.025,0,0,0,1
-52.267,-8.456,-10.039,0,0,0,1
-51.545,-7.724,-10.046,0,0,0,1
-50.371,-6.158,-10.06,0,0,0,1
-49.559,-4.611,-10.072,0,0,0,1
-49.246,-3.836,-10.078,0,0,0,1
-48.835,-2.302,-10.089,0,0,0,1
-48.638,-0.744,-10.1,0,0,0,1
-48.655,0.838,-10.112,0,0,0,1
-48.893,2.429,-10.123,0,0,0,1
-49.358,4.004,-10.135,0,0,0,1
-50.119,5.573,-10.147,0,0,0,1
-50.641,6.422,-10.154,0,0,0,1
-52.007,8.012,-10.169,0,0,0,1
-53.649,9.368,-10.184,0,0,0,1
-55.247,10.241,-10.197,0,0,0,1
-56.863,10.834,-10.209,0,0,0,1
-57.715,11.04,-10.215,0,0,0,1
-59.238,11.235,-10.226,0,0,0,1
-60.82,11.22,-10.237,0,0,0,1
-62.395,10.986,-10.249,0,0,0,1
-63.954,10.526,-10.26,0,0,0,1
-65.511,9.772,-10.273,0,0,0,1
-66.351,9.256,-10.279,0,0,0,1
-67.921,7.908,-10.294,0,0,0,1
-69.265,6.279,-10.309,0,0,0,1
-70.19,4.56,-10.323,0,0,0,1
-70.517,3.755,-10.329,0,0,0,1
-70.917,2.268,-10.34,0,0,0,1
-71.11,0.763,-10.351,0,0,0,1
-71.096,-0.803,-10.362,0,0,0,1
-70.866,-2.361,-10.373,0,0,0,1
-70.412,-3.905,-10.384,0,0,0,1
-69.806,-5.22,-10.395,0,0,0,1
-69.156,-6.278,-10.403,0,0,0,1
-67.827,-7.827,-10.418,0,0,0,1
-66.238,-9.146,-10.433,0,0,0,1
-64.511,-10.077,-10.446,0,0,0,1
-63.735,-10.394,-10.452,0,0,0,1
-62.324,-10.782,-10.463,0,0,0,1
-60.744,-10.988,-10.474,0,0,0,1
-59.212,-10.974,-10.485,0,0,0,1
-57.124,-10.583,-10.5,0,0,0,1
-55.516,-10.016,-10.513,0,0,0,1
-53.792,-9.054,-10.527,0,0,0,1
-52.261,-7.74,-10.542,0,0,0,1
-50.955,-6.164,-10.557,0,0,0,1
-50.474,-5.356,-10.564,0,0,0,1
-49.844,-4.022,-10.575,0,0,0,1
-49.336,-2.266,-10.589,0,0,0,1
-49.138,-0.743,-10.6,0,0,0,1
-49.156,0.838,-10.612,0,0,0,1
-49.399,2.416,-10.624,0,0,0,1
-49.9,3.999,-10.636,0,0,0,1
-50.7,5.565,-10.649,0,0,0,1
-51.64,6.883,-10.661,0,0,0,1
-52.35,7.65,-10.669,0,0,0,1
-53.645,8.748,-10.682,0,0,0,1
-55.439,9.78,-10.697,0,0,0,1
-56.214,10.116,-10.703,0,0,0,1
-57.716,10.533,-10.715,0,0,0,1
-59.253,10.736,-10.726,0,0,0,1
-60.82,10.719,-10.738,0,0,0,1
-62.382,10.48,-10.75,0,0,0,1
-63.95,9.984,-10.762,0,0,0,1
-65.506,9.19,-10.775,0,0,0,1
-67.09,8.036,-10.789,0,0,0,1
-68.033,7.078,-10.799,0,0,0,1
-68.644,6.285,-10.807,0,0,0,1
-69.291,5.259,-10.816,0,0,0,1
-69.925,3.924,-10.827,0,0,0,1
-70.394,2.358,-10.839,0,0,0,1
-70.611,0.747,-10.851,0,0,0,1
-70.596,-0.803,-10.862,0,0,0,1
-70.36,-2.348,-10.874,0,0,0,1
-69.87,-3.901,-10.886,0,0,0,1
-69.072,-5.461,-10.899,0,0,0,1
-67.947,-7.003,-10.913,0,0,0,1
-66.997,-7.939,-10.923,0,0,0,1
-65.434,-9.043,-10.937,0,0,0,1
-63.876,-9.811,-10.95,0,0,0,1
-62.324,-10.275,-10.962,0,0,0,1
-60.747,-10.488,-10.974,0,0,0,1
-59.214,-10.474,-10.985,0,0,0,1
-57.253,-10.118,-11,0,0,0,1
-56.146,-9.757,-11.009,0,0,0,1
-54.504,-8.906,-11.023,0,0,0,1
-53.078,-7.853,-11.037,0,0,0,1
-52.159,-6.921,-11.047,0,0,0,1
-51.063,-5.369,-11.062,0,0,0,1
-50.293,-3.802,-11.076,0,0,0,1
-49.849,-2.301,-11.088,0,0,0,1
-49.64,-0.771,-11.1,0,0,0,1
-49.655,0.827,-11.112,0,0,0,1
-49.899,2.375,-11.125,0,0,0,1
-50.441,3.98,-11.138,0,0,0,1
-50.82,4.806,-11.145,0,0,0,1
-51.901,6.41,-11.16,0,0,0,1
-53.164,7.746,-11.174,0,0,0,1
-54.694,8.827,-11.189,0,0,0,1
-56.207,9.573,-11.202,0,0,0,1
-57.717,10.027,-11.214,0,0,0,1
-59.229,10.234,-11.226,0,0,0,1
-60.809,10.22,-11.238,0,0,0,1
-62.355,9.977,-11.251,0,0,0,1
-63.937,9.441,-11.264,0,0,0,1
-64.752,9.066,-11.27,0,0,0,1
-66.332,8.001,-11.285,0,0,0,1
-67.328,7.087,-11.296,0,0,0,1
-68.568,5.498,-11.312,0,0,0,1
-69.023,4.731,-11.318,0,0,0,1
-69.672,3.099,-11.332,0,0,0,1
-69.904,2.265,-11.339,0,0,0,1
-70.11,0.771,-11.351,0,0,0,1
-70.096,-0.791,-11.363,0,0,0,1
-69.854,-2.335,-11.375,0,0,0,1
-69.324,-3.895,-11.388,0,0,0,1
-68.955,-4.698,-11.395,0,0,0,1
-67.903,-6.256,-11.409,0,0,0,1
-66.999,-7.241,-11.42,0,0,0,1
-65.433,-8.463,-11.435,0,0,0,1
-64.678,-8.912,-11.442,0,0,0,1
-63.07,-9.553,-11.455,0,0,0,1
-62.247,-9.782,-11.462,0,0,0,1
-60.771,-9.987,-11.474,0,0,0,1
-59.227,-9.975,-11.486,0,0,0,1
-57.412,-9.638,-11.5,0,0,0,1
-56.148,-9.208,-11.511,0,0,0,1
-54.742,-8.465,-11.524,0,0,0,1
-53.879,-7.853,-11.533,0,0,0,1
-52.847,-6.911,-11.544,0,0,0,1
-51.643,-5.368,-11.56,0,0,0,1
-51.202,-4.625,-11.567,0,0,0,1
-50.852,-3.832,-11.574,0,0,0,1
-50.371,-2.383,-11.587,0,0,0,1
-50.138,-0.745,-11.6,0,0,0,1
-50.157,0.839,-11.613,0,0,0,1
-50.41,2.376,-11.626,0,0,0,1
-51.191,4.415,-11.644,0,0,0,1
-51.89,5.594,-11.655,0,0,0,1
-53.295,7.178,-11.672,0,0,0,1
-54.422,8.085,-11.684,0,0,0,1
-56.211,9.029,-11.701,0,0,0,1
-57.638,9.504,-11.713,0,0,0,1
-59.255,9.736,-11.726,0,0,0,1
-60.82,9.718,-11.739,0,0,0,1
-62.356,9.465,-11.752,0,0,0,1
-64.363,8.695,-11.769,0,0,0,1
-65.524,8.006,-11.781,0,0,0,1
-67.087,6.619,-11.798,0,0,0,1
-67.98,5.51,-11.809,0,0,0,1
-68.911,3.746,-11.826,0,0,0,1
-69.402,2.236,-11.839,0,0,0,1
-69.611,0.744,-11.851,0,0,0,1
-69.595,-0.801,-11.864,0,0,0,1
-69.364,-2.24,-11.875,0,0,0,1
-68.773,-3.896,-11.89,0,0,0,1
-67.901,-5.457,-11.904,0,0,0,1
-66.528,-7.003,-11.921,0,0,0,1
-65.441,-7.878,-11.933,0,0,0,1
-63.705,-8.795,-11.949,0,0,0,1
-62.218,-9.28,-11.962,0,0,0,1
-60.744,-9.488,-11.974,0,0,0,1
-59.217,-9.473,-11.986,0,0,0,1
-57.575,-9.178,-12,0,0,0,1
-55.936,-8.561,-12.015,0,0,0,1
-54.613,-7.799,-12.028,0,0,0,1
-53.086,-6.441,-12.046,0,0,0,1
-52.225,-5.37,-12.058,0,0,0,1
-51.484,-4.027,-12.071,0,0,0,1
-50.855,-2.257,-12.087,0,0,0,1
-50.638,-0.744,-12.1,0,0,0,1
-50.658,0.84,-12.114,0,0,0,1
-50.908,2.294,-12.127,0,0,0,1
-51.55,4.001,-12.142,0,0,0,1
-52.304,5.312,-12.155,0,0,0,1
-53.644,6.82,-12.173,0,0,0,1
-55.188,7.959,-12.189,0,0,0,1
-56.02,8.399,-12.197,0,0,0,1
-57.764,9.02,-12.213,0,0,0,1
-59.256,9.236,-12.226,0,0,0,1
-60.82,9.218,-12.24,0,0,0,1
-62.274,8.967,-12.253,0,0,0,1
-64.156,8.241,-12.27,0,0,0,1
-65.855,7.103,-12.288,0,0,0,1
-67.097,5.838,-12.303,0,0,0,1
-67.853,4.747,-12.314,0,0,0,1
-68.654,3.016,-12.331,0,0,0,1
-68.896,2.215,-12.338,0,0,0,1
-69.111,0.744,-12.351,0,0,0,1
-69.095,-0.8,-12.364,0,0,0,1
-68.844,-2.254,-12.377,0,0,0,1
-68.223,-3.898,-12.392,0,0,0,1
-67.266,-5.453,-12.408,0,0,0,1
-66.641,-6.192,-12.416,0,0,0,1
-65.168,-7.458,-12.433,0,0,0,1
-63.699,-8.252,-12.447,0,0,0,1
-62.24,-8.76,-12.46,0,0,0,1
-60.776,-8.987,-12.473,0,0,0,1
-59.226,-8.974,-12.487,0,0,0,1
-57.686,-8.696,-12.5,0,0,0,1
-55.946,-8.016,-12.517,0,0,0,1
-54.267,-6.884,-12.535,0,0,0,1
-53.379,-6.028,-12.547,0,0,0,1
-52.36,-4.62,-12.563,0,0,0,1
-51.942,-3.831,-12.571,0,0,0,1
-51.378,-2.263,-12.586,0,0,0,1
-51.143,-0.841,-12.599,0,0,0,1
-51.1,-0.003,-12.607,0,0,0,1
-51.272,1.579,-12.621,0,0,0,1
-51.633,2.919,-12.634,0,0,0,1
-52.1,4.001,-12.644,0,0,0,1
-52.78,5.109,-12.656,0,0,0,1
-53.778,6.252,-12.67,0,0,0,1
-54.907,7.198,-12.683,0,0,0,1
-56.02,7.854,-12.695,0,0,0,1
-56.804,8.199,-12.703,0,0,0,1
-58.465,8.637,-12.719,0,0,0,1
-59.181,8.732,-12.725,0,0,0,1
-60.825,8.717,-12.74,0,0,0,1
-62.27,8.444,-12.754,0,0,0,1
-63.13,8.164,-12.762,0,0,0,1
-64.5,7.464,-12.776,0,0,0,1
-65.552,6.706,-12.788,0,0,0,1
-66.712,5.521,-12.803,0,0,0,1
-67.429,4.483,-12.814,0,0,0,1
-68.1,3.111,-12.828,0,0,0,1
-68.515,1.512,-12.843,0,0,0,1
-68.609,0.798,-12.85,0,0,0,1
-68.594,-0.804,-12.864,0,0,0,1
-68.321,-2.248,-12.878,0,0,0,1
-68.044,-3.095,-12.886,0,0,0,1
-67.356,-4.44,-12.9,0,0,0,1
-66.62,-5.463,-12.911,0,0,0,1
-65.447,-6.613,-12.926,0,0,0,1
-64.421,-7.323,-12.937,0,0,0,1
-63.074,-7.982,-12.951,0,0,0,1
-61.49,-8.394,-12.966,0,0,0,1
-59.783,-8.512,-12.982,0,0,0,1
-58.487,-8.362,-12.993,0,0,0,1
-57.78,-8.191,-13,0,0,0,1
-56.943,-7.927,-13.008,0,0,0,1
-55.622,-7.249,-13.023,0,0,0,1
-54.621,-6.529,-13.035,0,0,0,1
-53.484,-5.37,-13.05,0,0,0,1
-52.612,-4.067,-13.066,0,0,0,1
-52.151,-3.064,-13.076,0,0,0,1
-51.746,-1.561,-13.091,0,0,0,1
-51.643,-0.847,-13.098,0,0,0,1
-51.659,0.85,-13.115,0,0,0,1
-51.948,2.27,-13.129,0,0,0,1
-52.684,4.028,-13.147,0,0,0,1
-53.182,4.813,-13.156,0,0,0,1
-53.861,5.634,-13.166,0,0,0,1
-55.203,6.796,-13.183,0,0,0,1
-55.994,7.276,-13.192,0,0,0,1
-56.839,7.669,-13.201,0,0,0,1
-58.467,8.131,-13.218,0,0,0,1
-59.177,8.233,-13.225,0,0,0,1
-60.828,8.216,-13.241,0,0,0,1
-62.365,7.89,-13.256,0,0,0,1
-63.968,7.206,-13.273,0,0,0,1
-64.845,6.633,-13.283,0,0,0,1
-66.04,5.547,-13.298,0,0,0,1
-66.65,4.782,-13.308,0,0,0,1
-67.291,3.712,-13.32,0,0,0,1
-67.85,2.227,-13.335,0,0,0,1
-68.109,0.8,-13.349,0,0,0,1
-68.094,-0.804,-13.365,0,0,0,1
-67.768,-2.339,-13.38,0,0,0,1
-67.099,-3.906,-13.396,0,0,0,1
-66.574,-4.721,-13.406,0,0,0,1
-65.462,-5.952,-13.422,0,0,0,1
-64.706,-6.553,-13.431,0,0,0,1
-63.673,-7.174,-13.443,0,0,0,1
-62.205,-7.729,-13.458,0,0,0,1
-60.777,-7.988,-13.472,0,0,0,1
-59.222,-7.973,-13.487,0,0,0,1
-57.881,-7.689,-13.5,0,0,0,1
-56.82,-7.321,-13.512,0,0,0,1
-55.304,-6.437,-13.53,0,0,0,1
-54.131,-5.369,-13.546,0,0,0,1
-53.582,-4.678,-13.555,0,0,0,1
-53.052,-3.83,-13.565,0,0,0,1
-52.431,-2.297,-13.582,0,0,0,1
-52.137,-0.745,-13.599,0,0,0,1
-52.159,0.849,-13.615,0,0,0,1
-52.478,2.288,-13.63,0,0,0,1
-52.711,2.944,-13.637,0,0,0,1
-53.27,4.027,-13.65,0,0,0,1
-53.779,4.762,-13.659,0,0,0,1
-54.719,5.777,-13.673,0,0,0,1
-55.394,6.313,-13.682,0,0,0,1
-56.227,6.834,-13.692,0,0,0,1
-57.728,7.445,-13.709,0,0,0,1
-59.255,7.737,-13.725,0,0,0,1
-60.824,7.716,-13.741,0,0,0,1
-62.262,7.399,-13.756,0,0,0,1
-62.87,7.185,-13.763,0,0,0,1
-63.963,6.623,-13.775,0,0,0,1
-65.335,5.554,-13.793,0,0,0,1
-66.105,4.673,-13.805,0,0,0,1
-66.663,3.818,-13.816,0,0,0,1
-67.109,2.886,-13.826,0,0,0,1
-67.504,1.504,-13.841,0,0,0,1
-67.61,0.802,-13.849,0,0,0,1
-67.594,-0.799,-13.865,0,0,0,1
-67.277,-2.237,-13.88,0,0,0,1
-67.066,-2.833,-13.887,0,0,0,1
-66.513,-3.905,-13.899,0,0,0,1
-65.595,-5.123,-13.915,0,0,0,1
-64.523,-6.066,-13.929,0,0,0,1
-63.887,-6.48,-13.937,0,0,0,1
-62.814,-7.006,-13.949,0,0,0,1
-61.093,-7.451,-13.968,0,0,0,1
-59.226,-7.473,-13.987,0,0,0,1
-57.988,-7.193,-14,0,0,0,1
-57.172,-6.934,-14.009,0,0,0,1
-56.154,-6.405,-14.022,0,0,0,1
-55.462,-5.924,-14.031,0,0,0,1
-54.628,-5.164,-14.044,0,0,0,1
-53.612,-3.797,-14.062,0,0,0,1
-52.941,-2.263,-14.081,0,0,0,1
-52.642,-0.858,-14.097,0,0,0,1
-52.599,-0.003,-14.106,0,0,0,1
-52.796,1.576,-14.124,0,0,0,1
-53.179,2.769,-14.137,0,0,0,1
-53.692,3.761,-14.15,0,0,0,1
-54.179,4.463,-14.159,0,0,0,1
-54.923,5.279,-14.171,0,0,0,1
-56.227,6.255,-14.189,0,0,0,1
-57.747,6.93,-14.207,0,0,0,1
-59.258,7.238,-14.224,0,0,0,1
-60.868,7.212,-14.242,0,0,0,1
-62.258,6.875,-14.258,0,0,0,1
-63.736,6.176,-14.276,0,0,0,1
-64.577,5.569,-14.287,0,0,0,1
-65.551,4.575,-14.302,0,0,0,1
-66.436,3.179,-14.321,0,0,0,1
-66.991,1.541,-14.34,0,0,0,1
-67.15,0.008,-14.357,0,0,0,1
-66.956,-1.544,-14.374,0,0,0,1
-66.37,-3.15,-14.393,0,0,0,1
-65.469,-4.505,-14.41,0,0,0,1
-64.496,-5.457,-14.425,0,0,0,1
-63.131,-6.323,-14.443,0,0,0,1
-61.492,-6.876,-14.462,0,0,0,1
-60.761,-6.991,-14.47,0,0,0,1
-59.17,-6.969,-14.488,0,0,0,1
-58.1,-6.699,-14.5,0,0,0,1
-56.898,-6.257,-14.515,0,0,0,1
-55.573,-5.373,-14.534,0,0,0,1
-54.638,-4.417,-14.55,0,0,0,1
-54.197,-3.807,-14.559,0,0,0,1
-53.541,-2.505,-14.576,0,0,0,1
-53.264,-1.56,-14.588,0,0,0,1
-53.139,-0.816,-14.596,0,0,0,1
-53.165,0.86,-14.616,0,0,0,1
-53.613,2.518,-14.637,0,0,0,1
-54.283,3.766,-14.653,0,0,0,1
-55.174,4.826,-14.67,0,0,0,1
-56.25,5.689,-14.686,0,0,0,1
-57.551,6.345,-14.703,0,0,0,1
-59.197,6.735,-14.723,0,0,0,1
-60.834,6.712,-14.742,0,0,0,1
-62.462,6.274,-14.762,0,0,0,1
-63.71,5.605,-14.779,0,0,0,1
-64.737,4.738,-14.795,0,0,0,1
-65.552,3.736,-14.81,0,0,0,1
-66.242,2.373,-14.828,0,0,0,1
-66.478,1.58,-14.838,0,0,0,1
-66.612,0.773,-14.848,0,0,0,1
-66.594,-0.772,-14.866,0,0,0,1
-66.441,-1.574,-14.876,0,0,0,1
-66.189,-2.354,-14.885,0,0,0,1
-65.478,-3.681,-14.903,0,0,0,1
-64.65,-4.65,-14.918,0,0,0,1
-63.663,-5.453,-14.933,0,0,0,1
-62.332,-6.127,-14.951,0,0,0,1
-61.559,-6.358,-14.96,0,0,0,1
-60.753,-6.491,-14.97,0,0,0,1
-59.216,-6.471,-14.988,0,0,0,1
-58.242,-6.253,-15,0,0,0,1
-57.687,-6.073,-15.007,0,0,0,1
-56.392,-5.378,-15.026,0,0,0,1
-55.437,-4.563,-15.042,0,0,0,1
-54.647,-3.588,-15.058,0,0,0,1
-53.992,-2.29,-15.077,0,0,0,1
-53.641,-0.802,-15.096,0,0,0,1
-53.602,0.026,-15.107,0,0,0,1
-53.811,1.546,-15.127,0,0,0,1
-54.048,2.269,-15.136,0,0,0,1
-54.725,3.531,-15.154,0,0,0,1
-55.149,4.076,-15.163,0,0,0,1
-55.934,4.84,-15.177,0,0,0,1
-56.563,5.294,-15.187,0,0,0,1
-57.754,5.888,-15.204,0,0,0,1
-59.263,6.238,-15.224,0,0,0,1
-60.792,6.211,-15.243,0,0,0,1
-62.225,5.834,-15.262,0,0,0,1
-63.479,5.16,-15.281,0,0,0,1
-63.997,4.753,-15.289,0,0,0,1
-64.746,3.984,-15.303,0,0,0,1
-65.133,3.465,-15.311,0,0,0,1
-65.762,2.224,-15.329,0,0,0,1
-66.109,0.772,-15.348,0,0,0,1
-66.149,-0.001,-15.358,0,0,0,1
-65.944,-1.491,-15.377,0,0,0,1
-65.638,-2.354,-15.388,0,0,0,1
-65.116,-3.316,-15.402,0,0,0,1
-64.657,-3.921,-15.412,0,0,0,1
-63.912,-4.647,-15.425,0,0,0,1
-63.298,-5.088,-15.435,0,0,0,1
-62.333,-5.581,-15.449,0,0,0,1
-61.476,-5.862,-15.46,0,0,0,1
-59.999,-6.028,-15.479,0,0,0,1
-58.406,-5.782,-15.5,0,0,0,1
-57.408,-5.393,-15.515,0,0,0,1
-56.161,-4.564,-15.536,0,0,0,1
-55.446,-3.829,-15.55,0,0,0,1
-55.009,-3.217,-15.56,0,0,0,1
-54.534,-2.283,-15.575,0,0,0,1
-54.136,-0.73,-15.597,0,0,0,1
-54.154,0.714,-15.617,0,0,0,1
-54.593,2.256,-15.639,0,0,0,1
-55.179,3.314,-15.656,0,0,0,1
-55.914,4.151,-15.672,0,0,0,1
-56.701,4.796,-15.686,0,0,0,1
-57.771,5.35,-15.703,0,0,0,1
-59.279,5.736,-15.724,0,0,0,1
-59.981,5.772,-15.734,0,0,0,1
-60.795,5.701,-15.745,0,0,0,1
-62.203,5.293,-15.766,0,0,0,1
-63.122,4.792,-15.78,0,0,0,1
-63.997,4.065,-15.796,0,0,0,1
-64.681,3.245,-15.811,0,0,0,1
-65.106,2.479,-15.823,0,0,0,1
-65.556,1.04,-15.844,0,0,0,1
-65.649,-0.001,-15.858,0,0,0,1
-65.424,-1.477,-15.879,0,0,0,1
-65.048,-2.436,-15.893,0,0,0,1
-64.604,-3.19,-15.905,0,0,0,1
-63.916,-3.971,-15.92,0,0,0,1
-63.175,-4.58,-15.933,0,0,0,1
-62.34,-5.034,-15.946,0,0,0,1
-61.687,-5.278,-15.956,0,0,0,1
-60.747,-5.483,-15.969,0,0,0,1
-59.998,-5.527,-15.98,0,0,0,1
-58.571,-5.271,-16,0,0,0,1
-57.691,-4.974,-16.014,0,0,0,1
-56.876,-4.499,-16.028,0,0,0,1
-56.115,-3.826,-16.044,0,0,0,1
-55.523,-3.105,-16.058,0,0,0,1
-55.08,-2.286,-16.072,0,0,0,1
-54.818,-1.566,-16.084,0,0,0,1
-54.657,-0.81,-16.096,0,0,0,1
-54.603,0.032,-16.108,0,0,0,1
-54.723,1.014,-16.123,0,0,0,1
-54.895,1.646,-16.133,0,0,0,1
-55.247,2.475,-16.147,0,0,0,1
-55.879,3.388,-16.164,0,0,0,1
-56.967,4.37,-16.186,0,0,0,1
-57.549,4.71,-16.196,0,0,0,1
-58.357,5.027,-16.209,0,0,0,1
-59.247,5.224,-16.223,0,0,0,1
-59.978,5.271,-16.234,0,0,0,1
-60.795,5.192,-16.247,0,0,0,1
-61.632,4.977,-16.26,0,0,0,1
-62.423,4.639,-16.273,0,0,0,1
-63.316,4.018,-16.29,0,0,0,1
-64.018,3.291,-16.305,0,0,0,1
-64.604,2.383,-16.321,0,0,0,1
-64.911,1.596,-16.334,0,0,0,1
-65.101,0.736,-16.348,0,0,0,1
-65.147,-0.02,-16.359,0,0,0,1
-65.065,-0.801,-16.371,0,0,0,1
-64.861,-1.59,-16.383,0,0,0,1
-64.533,-2.358,-16.396,0,0,0,1
-63.928,-3.233,-16.412,0,0,0,1
-63.224,-3.916,-16.427,0,0,0,1
-62.339,-4.49,-16.443,0,0,0,1
-61.545,-4.799,-16.456,0,0,0,1
-60.74,-4.977,-16.468,0,0,0,1
-59.996,-5.027,-16.48,0,0,0,1
-58.683,-4.807,-16.5,0,0,0,1
-57.693,-4.423,-16.518,0,0,0,1
-56.847,-3.834,-16.535,0,0,0,1
-56.181,-3.147,-16.551,0,0,0,1
-55.625,-2.29,-16.568,0,0,0,1
-55.377,-1.697,-16.579,0,0,0,1
-55.153,-0.751,-16.595,0,0,0,1
-55.104,0.036,-16.609,0,0,0,1
-55.174,0.723,-16.62,0,0,0,1
-55.432,1.682,-16.637,0,0,0,1
-55.695,2.254,-16.648,0,0,0,1
-56.587,3.412,-16.672,0,0,0,1
-57.767,4.26,-16.696,0,0,0,1
-58.34,4.501,-16.707,0,0,0,1
-59.26,4.719,-16.723,0,0,0,1
-59.976,4.771,-16.735,0,0,0,1
-60.799,4.682,-16.749,0,0,0,1
-61.64,4.448,-16.763,0,0,0,1
-62.416,4.056,-16.778,0,0,0,1
-63.313,3.335,-16.797,0,0,0,1
-64.16,2.153,-16.822,0,0,0,1
-64.378,1.64,-16.831,0,0,0,1
-64.6,0.702,-16.847,0,0,0,1
-64.648,0.005,-16.859,0,0,0,1
-64.559,-0.789,-16.872,0,0,0,1
-64.33,-1.606,-16.887,0,0,0,1
-63.945,-2.361,-16.901,0,0,0,1
-63.243,-3.233,-16.92,0,0,0,1
-62.099,-4.051,-16.943,0,0,0,1
-61.591,-4.266,-16.952,0,0,0,1
-60.688,-4.48,-16.968,0,0,0,1
-60,-4.527,-16.98,0,0,0,1
-58.81,-4.322,-17,0,0,0,1
-57.7,-3.84,-17.023,0,0,0,1
-56.838,-3.139,-17.044,0,0,0,1
-56.197,-2.283,-17.064,0,0,0,1
-55.852,-1.545,-17.079,0,0,0,1
-55.657,-0.735,-17.095,0,0,0,1
-55.605,0.039,-17.109,0,0,0,1
-55.69,0.759,-17.123,0,0,0,1
-55.907,1.523,-17.138,0,0,0,1
-56.454,2.51,-17.159,0,0,0,1
-56.941,3.059,-17.173,0,0,0,1
-57.505,3.524,-17.187,0,0,0,1
-58.174,3.892,-17.201,0,0,0,1
-59.251,4.211,-17.222,0,0,0,1
-59.973,4.27,-17.236,0,0,0,1
-60.833,4.165,-17.252,0,0,0,1
-61.799,3.827,-17.271,0,0,0,1
-62.438,3.443,-17.285,0,0,0,1
-62.968,2.973,-17.298,0,0,0,1
-63.422,2.422,-17.312,0,0,0,1
-63.777,1.776,-17.326,0,0,0,1
-64.075,0.81,-17.345,0,0,0,1
-64.146,0.014,-17.36,0,0,0,1
-64.046,-0.802,-17.375,0,0,0,1
-63.714,-1.75,-17.394,0,0,0,1
-63.344,-2.367,-17.408,0,0,0,1
-62.884,-2.884,-17.421,0,0,0,1
-62.352,-3.322,-17.433,0,0,0,1
-61.728,-3.667,-17.447,0,0,0,1
-60.724,-3.967,-17.467,0,0,0,1
-60.002,-4.027,-17.48,0,0,0,1
-58.962,-3.857,-17.5,0,0,0,1
-58.227,-3.57,-17.517,0,0,0,1
-57.702,-3.243,-17.53,0,0,0,1
-57.202,-2.796,-17.544,0,0,0,1
-56.782,-2.284,-17.558,0,0,0,1
-56.432,-1.637,-17.574,0,0,0,1
-56.165,-0.738,-17.594,0,0,0,1
-56.106,0.043,-17.611,0,0,0,1
-56.258,0.995,-17.631,0,0,0,1
-56.518,1.653,-17.646,0,0,0,1
-56.869,2.229,-17.661,0,0,0,1
-57.786,3.108,-17.688,0,0,0,1
-58.366,3.43,-17.702,0,0,0,1
-59.289,3.71,-17.723,0,0,0,1
-60.468,3.729,-17.748,0,0,0,1
-60.956,3.621,-17.759,0,0,0,1
-61.675,3.331,-17.775,0,0,0,1
-62.615,2.617,-17.8,0,0,0,1
-63.284,1.659,-17.825,0,0,0,1
-63.585,0.71,-17.846,0,0,0,1
-63.645,0.015,-17.861,0,0,0,1
-63.506,-0.915,-17.881,0,0,0,1
-63.217,-1.631,-17.898,0,0,0,1
-62.688,-2.379,-17.917,0,0,0,1
-62.063,-2.914,-17.935,0,0,0,1
-61.614,-3.172,-17.946,0,0,0,1
-60.697,-3.465,-17.966,0,0,0,1
-60.002,-3.526,-17.981,0,0,0,1
-59.132,-3.38,-18,0,0,0,1
-58.355,-3.072,-18.021,0,0,0,1
-57.708,-2.601,-18.04,0,0,0,1
-57.406,-2.283,-18.051,0,0,0,1
-56.968,-1.616,-18.07,0,0,0,1
-56.672,-0.747,-18.093,0,0,0,1
-56.604,0,-18.111,0,0,0,1
-56.75,0.888,-18.133,0,0,0,1
-57.036,1.571,-18.152,0,0,0,1
-57.408,2.097,-18.167,0,0,0,1
-57.912,2.577,-18.184,0,0,0,1
-58.509,2.947,-18.202,0,0,0,1
-59.57,3.248,-18.229,0,0,0,1
-60.7,3.17,-18.257,0,0,0,1
-61.5,2.86,-18.278,0,0,0,1
-62.026,2.487,-18.293,0,0,0,1
-62.738,1.619,-18.321,0,0,0,1
-63.053,0.823,-18.342,0,0,0,1
-63.144,-0.002,-18.362,0,0,0,1
-63.014,-0.812,-18.383,0,0,0,1
-62.758,-1.431,-18.399,0,0,0,1
-62.387,-1.958,-18.415,0,0,0,1
-61.552,-2.638,-18.441,0,0,0,1
-60.785,-2.94,-18.461,0,0,0,1
-59.975,-3.024,-18.481,0,0,0,1
-59.229,-2.9,-18.5,0,0,0,1
-58.636,-2.657,-18.519,0,0,0,1
-58.116,-2.29,-18.537,0,0,0,1
-57.726,-1.878,-18.554,0,0,0,1
-57.392,-1.344,-18.572,0,0,0,1
-57.185,-0.753,-18.59,0,0,0,1
-57.142,0.375,-18.623,0,0,0,1
-57.463,1.306,-18.652,0,0,0,1
-57.814,1.802,-18.67,0,0,0,1
-58.208,2.174,-18.685,0,0,0,1
-58.716,2.492,-18.703,0,0,0,1
-59.642,2.752,-18.731,0,0,0,1
-60.711,2.648,-18.762,0,0,0,1
-61.486,2.274,-18.787,0,0,0,1
-61.911,1.906,-18.803,0,0,0,1
-62.251,1.461,-18.82,0,0,0,1
-62.53,0.829,-18.84,0,0,0,1
-62.642,-0.008,-18.864,0,0,0,1
-62.415,-0.99,-18.894,0,0,0,1
-62.172,-1.422,-18.908,0,0,0,1
-61.822,-1.825,-18.924,0,0,0,1
-61.401,-2.148,-18.939,0,0,0,1
-60.783,-2.42,-18.959,0,0,0,1
-59.912,-2.517,-18.984,0,0,0,1
-59.386,-2.42,-19,0,0,0,1
-58.596,-2.039,-19.031,0,0,0,1
-57.986,-1.384,-19.063,0,0,0,1
-57.648,-0.512,-19.097,0,0,0,1
-57.656,0.379,-19.129,0,0,0,1
-57.837,0.928,-19.149,0,0,0,1
-58.381,1.663,-19.182,0,0,0,1
-58.701,1.91,-19.196,0,0,0,1
-59.639,2.243,-19.232,0,0,0,1
-60.47,2.193,-19.261,0,0,0,1
-61.238,1.835,-19.292,0,0,0,1
-61.812,1.219,-19.322,0,0,0,1
-62.12,0.347,-19.355,0,0,0,1
-62.075,-0.44,-19.383,0,0,0,1
-61.742,-1.162,-19.411,0,0,0,1
-61.143,-1.719,-19.441,0,0,0,1
-60.3,-2.009,-19.473,0,0,0,1
-59.54,-1.945,-19.5,0,0,0,1
-58.909,-1.648,-19.528,0,0,0,1
-58.377,-1.072,-19.56,0,0,0,1
-58.126,-0.397,-19.589,0,0,0,1
-58.159,0.396,-19.621,0,0,0,1
-58.401,0.948,-19.645,0,0,0,1
-59.009,1.533,-19.679,0,0,0,1
-59.628,1.76,-19.706,0,0,0,1
-59.982,1.786,-19.72,0,0,0,1
-60.466,1.703,-19.739,0,0,0,1
-60.97,1.45,-19.762,0,0,0,1
-61.43,0.95,-19.789,0,0,0,1
-61.647,0.366,-19.814,0,0,0,1
-61.584,-0.448,-19.846,0,0,0,1
-61.357,-0.885,-19.866,0,0,0,1
-60.842,-1.35,-19.894,0,0,0,1
-60.037,-1.543,-19.927,0,0,0,1
-59.601,-1.467,-19.945,0,0,0,1
-58.923,-1.076,-19.95,0,0,0,1
-58.547,-0.42,-19.954,0,0,0,1
-58.496,-0.003,-19.956,0,0,0,1
-58.553,0.418,-19.959,0,0,0,1
-58.945,1.059,-19.963,0,0,0,1
-59.243,1.293,-19.966,0,0,0,1
-59.998,1.487,-19.97,0,0,0,1
-60.571,1.38,-19.971,0,0,0,1
-61.06,1.056,-19.97,0,0,0,1
-61.428,0.41,-19.972,0,0,0,1
-61.493,0,-19.965,0,0,0,1
-61.381,-0.571,-19.964,0,0,0,1
-61.061,-1.059,-19.961,0,0,0,1
-60.41,-1.427,-19.967,0,0,0,1
-60,-1.515,-19.947,0,0,0,1
-59.607,-1.437,-20,0,0,0,1
-59.42,-1.399,-20,0,0,0,1
-58.929,-1.071,-20,0,0,0,1
-58.601,-0.58,-20,0,0,0,1
-58.485,0,-20,0,0,0,1
-58.601,0.58,-20,0,0,0,1
-58.929,1.071,-20,0,0,0,1
-59.42,1.399,-20,0,0,0,1
-60,1.515,-20,0,0,0,1
-60.58,1.399,-20,0,0,0,1
-61.071,1.071,-20,0,0,0,1
-61.399,0.58,-20,0,0,0,1
-61.515,0,-20,0,0,0,1
-61.399,-0.58,-20,0,0,0,1
-61.071,-1.071,-20,0,0,0,1
-60.58,-1.399,-20,0,0,0,1
-60,-1.515,-20,0,0,0,1
-59.607,-1.437,-20,0,0,0,1
-59.607,-1.437,5,0,0,0,1
0,0,25,0,0,0,0
0,0,25,0,0,0,0
